00000000000000
00000000000000
00000000000000
00000000000000
00000000000000
00000000000000
00000000000000
00000121212120
00000000000000
00000000000000
00000000000000
00000000000000
00000000000000
00000000000000

00333333333300
03332333323330
33333333333333
03333333333330
00220000002200
00220000002200
00220000002200
00220000002200
00220000002200
00220000002200
00220000002200
00220000002200
01110000001110
01110000001110

00000000000000
00000000000000
00011111111000
00011111111000
00222222222200
00222222222200
33333333333333
33333333333333
00222222222200
00222222222200
00011111111000
00011111111000
00000000000000
00000000000000

02020202020202
10101010101010
02020202020202
33333333333333
33333333333333
20202020202020
01010101010101
20202020202020
33330000003333
33330000003333
00000000000000
22000000000022
00001000010000
00000000000000

00111111111100
01111111111110
11111111111111
01111111111110
00111111111100
00111111111100
01111111111110
11111111111111
01111111111110
00111111111100
00111111111100
01111111111110
11111111111111
01111111111110
